 18.1
             -1.38013   0.00000   0.00000   0.00000   0.00000   1.65616 
             -0.57498  -0.72457   0.00000   0.00000   0.00000   3.23192 
              0.00000   0.00000  -1.63518   0.00000   0.00000  -0.15092 
              0.00000   0.00000  -2.71347  -0.61155   0.00000   0.07025 
              0.35082  -0.12000   0.05244   0.00923   1.00000  -0.05134 
              0.00000   0.00000   0.00000   0.00000   0.00000   1.00000 
           1 11  1.743E-04 
           1 12  1.164E-04   1 22 -1.305E-04 
           1 13  0.000E+00   1 23  7.237E-05   1 33 -8.255E-04 
           1 14  0.000E+00   1 24  1.274E-05   1 34 -2.299E-05   1 44  3.121E-05 
           1 15  0.000E+00   1 25  0.000E+00   1 35  0.000E+00   1 45  0.000E+00   1 55  0.000E+00 
           1 16 -5.271E-03   1 26  1.511E-02   1 36 -1.403E-04   1 46 -3.485E-05   1 56  0.000E+00   1 66 -1.674E-02 
 
           2 11 -5.327E-05 
           2 12 -1.345E-04   2 22 -8.492E-05 
           2 13  0.000E+00   2 23  3.015E-05   2 33 -1.214E-03 
           2 14  0.000E+00   2 24  5.307E-06   2 34 -5.078E-04   2 44 -5.336E-05 
           2 15  0.000E+00   2 25  0.000E+00   2 35  0.000E+00   2 45  0.000E+00   2 55  0.000E+00 
           2 16 -4.002E-02   2 26  9.063E-03   2 36  4.220E-05   2 46  9.094E-06   2 56  0.000E+00   2 66 -3.317E-02 
 
           3 11  0.000E+00 
           3 12  0.000E+00   3 22  7.546E-06 
           3 13  1.124E-03   3 23 -2.719E-05   3 33 -1.950E-06 
           3 14  2.995E-04   3 24  7.399E-05   3 34  8.437E-05   3 44  2.246E-05 
           3 15  0.000E+00   3 25  0.000E+00   3 35  0.000E+00   3 45  0.000E+00   3 55  0.000E+00 
           3 16 -5.327E-05   3 26 -4.131E-05   3 36  1.061E-01   3 46  5.671E-02   3 56  0.000E+00   3 66 -1.844E-02 
 
           4 11  0.000E+00 
           4 12  0.000E+00   4 22 -3.513E-06 
           4 13  3.968E-04   4 23  6.865E-04   4 33 -3.270E-06 
           4 14  7.646E-05   4 24  1.330E-04   4 34  1.415E-04   4 44  2.149E-05 
           4 15  0.000E+00   4 25  0.000E+00   4 35  0.000E+00   4 45  0.000E+00   4 55  0.000E+00 
           4 16 -3.476E-06   4 26 -6.360E-06   4 36  1.021E-01   4 46  5.442E-02   4 56  0.000E+00   4 66 -1.982E-02 
 
           5 11 -3.072E-03 
           5 12  3.221E-04   5 22 -5.193E-04 
           5 13  0.000E+00   5 23 -1.840E-05   5 33 -8.213E-03 
           5 14  0.000E+00   5 24 -3.238E-06   5 34 -6.564E-03   5 44 -1.759E-03 
           5 15  0.000E+00   5 25  0.000E+00   5 35  0.000E+00   5 45  0.000E+00   5 55  0.000E+00 
           5 16 -4.184E-03   5 26 -2.156E-03   5 36  1.926E-03   5 46  1.146E-03   5 56  0.000E+00   5 66 -2.114E-03 
