
Ray position: 29.9455    24.0494
2.79253    160    20.5405    19.4023
Mirror position: 10.0469    21.6787    3.79226     19.4023

xxooxx  -26.1532   -4.64718   -19.8987   -2.37069   10.0469    3.79226   29.9455    24.0494
Angle: -6.7941    -10.0757
Angle: -6.7941    -10.0757
ooxx  -26.1532   -4.64718   -19.8987   -2.37069   10.0469    21.6787    3.79226   19.4023   29.9455    24.0494
Check reflection angle:   -6.7941      -10.0757    -0.177501      -10.1701





Ray position: 29.9455    24.0494
2.0944    120    20.6453    22.3093
Mirror position: 4.12537    18.9813    9.88963     22.3093
xxooxx  -20.0559   -1.74014   -25.8201   -5.06814   4.12537    9.88963   29.9455    24.0494
Angle: -11.1052    -4.95881
Angle: -11.1052    -4.95881
ooxx  -20.0559   -1.74014   -25.8201   -5.06814   4.12537    18.9813    9.88963   22.3093   29.9455    24.0494
Check reflection angle:   -11.1052      -4.95881    -0.177501      -10.1701
here???? 
Reflecting off the side mirror
aNGLE: -10.1701   -8.44142  aaa  1.72866
2.0621    -81.5586     0.0301708    2.0944    1111 -0.930041  158.441    70.1699    bbbb  2.0621   23.1892     88.9465    25.1185
aaaaa     -49.8301
